0
0
1162261467
3486784401
1162261467
3486784401
2324522934
2324522934
2324522934
0
3486784401
3486784401
2324522934
2324522934
1937102445
1937102445
1162261467
1162261467
2324522934
0
1937102445
1162261467
1807962282
1291401630
1549681956
2324522934
1162261467
1937102445
1549681956
1549681956
1592728677
1592728677
1937102445
1937102445
1807962282
2066242608
1937102445
1937102445
2066242608
1807962282
2324522934
1549681956
1937102445
1162261467
1162261467
1937102445
1291401630
1549681956
1549681956
1549681956
1162261467
1162261467
1678822119
1937102445
1721868840
1894055724
1807962282
1549681956
1851009003
1592728677
1807962282
1807962282
1793613375
1764915561
1678822119
1678822119
1721868840
1635775398
1678822119
1678822119
1635775398
1721868840
1549681956
1807962282
1592728677
1851009003
1937102445
1678822119
1894055724
1721868840
1807962282
1807962282
1851009003
1851009003
1807962282
1549681956
1764915561
1420541793
1678822119
1162261467
1549681956
1291401630
1807962282
2324522934
1678822119
2195382771
1678822119
1937102445
1549681956
2066242608
2066242608
1549681956
2195382771
1678822119
2195382771
1937102445
2324522934
1549681956
2066242608
1807962282
2023195887
1678822119
1937102445
1678822119
2066242608
1549681956
1291401630
1549681956
1420541793
1678822119
1420541793
1937102445
1549681956
1807962282
1549681956
1807962282
1506635235
1764915561
1420541793
1678822119
1549681956
1549681956
1764915561
1678822119
1750566654
1721868840
1721868840
1807962282
1707519933
1764915561
1721868840
1807962282
1736217747
1851009003
1764915561
1937102445
1807962282
1894055724
1721868840
1549681956
1764915561
1592728677
1764915561
1678822119
1807962282
1635775398
1635775398
1807962282
1592728677
1764915561
1592728677
1678822119
1549681956
1721868840
1894055724
1807962282
1851009003
1764915561
1851009003
1678822119
1807962282
1721868840
1721868840
1721868840
1736217747
1764915561
1764915561
1764915561
1750566654
1807962282
1764915561
1764915561
1779264468
1721868840
1807962282
1721868840
1793613375
1678822119
1678822119
1764915561
1693171026
1721868840
1721868840
1721868840
1707519933
1678822119
1635775398
1721868840
1650124305
1764915561
1678822119
1764915561
1635775398
1807962282
1807962282
1721868840
1851009003
1764915561
1851009003
1764915561
1807962282
1807962282
1592728677
1678822119
1635775398
1635775398
1635775398
1549681956
1678822119
1592728677
1851009003
1678822119
1894055724
1635775398
1894055724
1549681956
1937102445
1592728677
1592728677
1937102445
1635775398
1894055724
1635775398
1807962282
1678822119
1851009003
1851009003
1937102445
1894055724
1894055724
1894055724
1807962282
1937102445
1851009003
1678822119
1420541793
1807962282
1291401630
1807962282
1291401630
1678822119
1162261467
1678822119
2195382771
1807962282
2066242608
1807962282
2066242608
1764915561
1937102445
2195382771
1678822119
2066242608
1807962282
2066242608
1807962282
2195382771
1937102445
1420541793
1678822119
1291401630
1807962282
1291401630
1807962282
1420541793
1937102445
1764915561
1851009003
1721868840
1894055724
1721868840
1894055724
1764915561
1937102445
1764915561
1592728677
1721868840
1635775398
1721868840
1635775398
1764915561
1678822119
1592728677
1764915561
1635775398
1721868840
1635775398
1721868840
1592728677
1678822119
1851009003
1764915561
1894055724
1721868840
1894055724
1721868840
1851009003
1678822119
1721868840
1894055724
1678822119
1851009003
1678822119
1851009003
1721868840
1807962282
1721868840
1635775398
1678822119
1592728677
1678822119
1592728677
1721868840
1549681956
1807962282
1894055724
1764915561
1851009003
1764915561
1851009003
1807962282
1807962282
1807962282
1635775398
1764915561
1592728677
1764915561
1592728677
1807962282
1549681956
1851009003
1592728677
1807962282
1635775398
1807962282
1635775398
1851009003
1678822119
1851009003
1851009003
1807962282
1894055724
1807962282
1894055724
1851009003
1937102445
1678822119
1592728677
1635775398
1635775398
1635775398
1635775398
1678822119
1678822119
1678822119
1851009003
1635775398
1894055724
1635775398
1894055724
1678822119
1937102445
1807962282
1291401630
1937102445
1420541793
1937102445
1420541793
1807962282
1549681956
1807962282
2066242608
1937102445
2195382771
1937102445
2195382771
1807962282
2324522934
1549681956
1291401630
1678822119
1420541793
1678822119
1420541793
1549681956
1549681956
1549681956
2066242608
1678822119
2195382771
1678822119
2195382771
1549681956
2324522934
1894055724
1721868840
1937102445
1764915561
1937102445
1764915561
1894055724
1807962282
1549681956
1721868840
1592728677
1764915561
1592728677
1764915561
1549681956
1807962282
1635775398
1635775398
1592728677
1592728677
1592728677
1592728677
1635775398
1549681956
1894055724
1635775398
1851009003
1592728677
1851009003
1592728677
1894055724
1549681956
1635775398
1894055724
1592728677
1851009003
1592728677
1851009003
1635775398
1807962282
1894055724
1894055724
1851009003
1851009003
1851009003
1851009003
1894055724
1807962282
1764915561
1420541793
1721868840
1549681956
1721868840
1549681956
1678822119
1420541793
2023195887
1678822119
1980149166
1807962282
1980149166
1807962282
1937102445
1764915561
1506635235
1678822119
1463588514
1807962282
1463588514
1807962282
1420541793
1678822119
1764915561
1937102445
1721868840
2066242608
1721868840
2066242608
1678822119
1937102445
1736217747
1764915561
1750566654
1721868840
1750566654
1721868840
1764915561
1764915561
1750566654
1721868840
1736217747
1678822119
1736217747
1678822119
1721868840
1721868840
1750566654
1807962282
1736217747
1764915561
1736217747
1764915561
1721868840
1807962282
1779264468
1721868840
1793613375
1764915561
1793613375
1764915561
1807962282
1721868840
1693171026
1721868840
1707519933
1764915561
1707519933
1764915561
1721868840
1721868840
1592728677
1592728677
1549681956
1635775398
1549681956
1635775398
1592728677
1678822119
1592728677
1851009003
1549681956
1894055724
1549681956
1894055724
1592728677
1937102445
1506635235
1764915561
1549681956
1721868840
1549681956
1721868840
1506635235
1678822119
1937102445
1592728677
1894055724
1635775398
1894055724
1635775398
1937102445
1678822119
1937102445
1851009003
1894055724
1894055724
1894055724
1894055724
1937102445
1937102445
1937102445
1764915561
1980149166
1721868840
1980149166
1721868840
1937102445
1678822119
1793613375
1764915561
1779264468
1807962282
1779264468
1807962282
1764915561
1764915561
1707519933
1764915561
1693171026
1807962282
1693171026
1807962282
1678822119
1764915561
1793613375
1678822119
1779264468
1721868840
1779264468
1721868840
1764915561
1678822119
1707519933
1678822119
1693171026
1721868840
1693171026
1721868840
1678822119
1678822119
1736217747
1851009003
1750566654
1807962282
1750566654
1807962282
1764915561
1851009003
1650124305
1764915561
1664473212
1721868840
1664473212
1721868840
1678822119
1764915561
