0.277778
0.0555556
0.0308642
0.0308642
0.0308642
0.00617284
0.00342936
0.00342936
0.00342936
0.00342936
0.00342936
0.00342936
0.00342936
0.00342936
0.00342936
0.000685871
0.000685871
0.000685871
0.000685871
0.000685871
0.000381039
0.000381039
0.000381039
0.000381039
0.000381039
0.000381039
0.000381039
0.000381039
0.000381039
0.000381039
0.000381039
0.000381039
0.000381039
0.000381039
0.000381039
0.000381039
0.000381039
0.000381039
0.000381039
0.000381039
0.000381039
0.000381039
0.000381039
0.000381039
0.000381039
0.000381039
0.000381039
0.000381039
0.000381039
0.000381039
0.000381039
0.000381039
0.000381039
0.000381039
0.000381039
0.000381039
0.000381039
0.000381039
0.000381039
7.62079e-05
7.62079e-05
7.62079e-05
7.62079e-05
7.62079e-05
7.62079e-05
7.62079e-05
7.62079e-05
7.62079e-05
7.62079e-05
7.62079e-05
7.62079e-05
7.62079e-05
7.62079e-05
7.62079e-05
7.62079e-05
7.62079e-05
7.62079e-05
