0
0
3486784401
3486784401
1162261467
3486784401
2324522934
0
1162261467
1162261467
0
2324522934
387420489
1162261467
774840978
0
387420489
387420489
0
774840978
774840978
774840978
1162261467
387420489
129140163
387420489
258280326
0
129140163
129140163
0
258280326
258280326
774840978
516560652
0
645700815
387420489
258280326
258280326
387420489
129140163
516560652
258280326
0
516560652
129140163
645700815
516560652
774840978
258280326
516560652
645700815
129140163
387420489
645700815
43046721
129140163
86093442
0
774840978
258280326
516560652
516560652
86093442
258280326
172186884
0
215233605
129140163
172186884
258280326
301327047
129140163
344373768
0
43046721
387420489
43046721
43046721
0
86093442
86093442
86093442
129140163
43046721
903981141
387420489
1033121304
0
129140163
1162261467
172186884
86093442
215233605
387420489
344373768
258280326
645700815
645700815
0
172186884
43046721
215233605
86093442
172186884
215233605
43046721
129140163
215233605
258280326
86093442
172186884
172186884
215233605
215233605
301327047
43046721
258280326
172186884
86093442
516560652
301327047
387420489
430467210
0
473513931
129140163
903981141
129140163
43046721
301327047
0
344373768
344373768
86093442
86093442
344373768
129140163
301327047
301327047
215233605
172186884
344373768
430467210
258280326
172186884
516560652
387420489
43046721
215233605
301327047
344373768
172186884
258280326
344373768
387420489
215233605
430467210
86093442
301327047
301327047
14348907
43046721
28697814
0
28697814
86093442
57395628
0
71744535
43046721
57395628
86093442
100442349
43046721
114791256
0
14348907
129140163
344373768
516560652
473513931
387420489
71744535
129140163
114791256
86093442
774840978
516560652
0
430467210
43046721
473513931
430467210
172186884
28697814
172186884
100442349
129140163
143489070
0
157837977
43046721
86093442
430467210
344373768
344373768
473513931
43046721
143489070
86093442
57395628
172186884
774840978
2324522934
129140163
473513931
114791256
172186884
157837977
129140163
186535791
43046721
200884698
0
14348907
215233605
14348907
14348907
0
28697814
28697814
28697814
43046721
14348907
57395628
28697814
71744535
215233605
200884698
86093442
0
57395628
14348907
71744535
28697814
57395628
71744535
14348907
43046721
71744535
